
49 52 54 13 22 83 26 24 64 21 52 57 17 80 16 80 55 16 89 85 
15 59 29 54 69 54 84 60 19 93 92 60 82 49 21 45 75 89 55 98 
41 33 12 18 23 63 51 90 26 68 87 35 95 70 89 29 64 79 57 67 
53 71 34 27 97 88 20 29 19 75 49 12 76 49 89 83 32 59 32 16 
77 72 87 88 99 35 65 41 79 72 59 25 19 11 67 13 10 84 94 36 
16 54 49 58 82 91 78 32 45 29 19 41 78 44 78 13 23 95 50 52 
70 84 35 44 77 72 27 74 67 12 67 49 37 69 17 47 48 41 80 37 
25 86 31 94 34 87 42 87 82 24 87 77 69 77 93 78 54 10 91 10 
60 48 10 80 15 79 85 32 75 33 58 83 85 22 13 65 34 38 27 70 
12 58 68 90 86 97 67 21 37 41 88 16 58 84 51 78 38 33 66 25 
64 79 60 92 76 88 25 29 81 78 82 93 80 53 78 10 78 60 23 39 
74 32 29 11 72 98 37 58 92 69 87 61 74 57 54 10 55 23 57 91 
55 11 71 85 66 99 68 69 29 52 53 88 47 64 83 89 67 58 72 34 
68 85 82 37 12 25 14 83 82 99 41 84 39 65 56 30 63 34 59 47 
65 19 28 56 70 79 65 48 96 36 66 20 45 92 42 15 68 21 91 68 
49 95 44 21 61 48 47 35 38 91 77 29 81 32 36 64 33 72 41 23 
50 17 59 19 10 27 32 56 68 69 55 46 70 78 45 57 27 70 63 52 
41 99 76 15 53 61 57 13 67 50 17 43 49 88 37 83 96 17 48 56 
14 86 67 55 85 43 20 73 25 73 47 58 60 74 17 60 86 51 17 96 
36 47 17 35 38 95 58 93 39 99 48 73 11 17 31 86 21 89 67 12 
35 85 31 19 96 86 20 88 79 90 15 67 59 33 44 10 42 77 59 48 
71 34 75 48 47 45 76 52 60 21 23 84 83 19 76 35 29 88 66 77 
57 83 71 43 69 79 53 52 34 69 62 30 73 46 84 32 15 10 25 52 
33 30 37 53 24 79 37 15 88 54 43 85 97 78 24 27 72 27 51 86 
94 36 24 24 11 43 41 99 29 54 64 64 41 42 64 21 62 60 59 60 
94 52 99 77 82 42 94 66 44 71 53 91 83 89 48 54 12 97 64 26 
53 20 57 62 86 18 93 11 74 89 46 99 46 73 81 12 62 96 42 30 
88 19 39 68 79 21 91 38 36 23 32 13 86 97 51 69 41 32 82 44 
70 15 85 57 68 28 55 47 61 78 88 37 32 45 89 77 31 30 11 29 
77 77 70 97 59 49 13 73 54 77 91 33 24 57 49 81 55 67 54 73 
90 45 86 94 91 37 66 28 51 26 37 54 99 54 97 42 37 34 66 24 
98 24 67 70 66 78 69 52 27 33 19 12 24 30 22 40 69 97 49 71 
26 28 75 75 51 88 29 31 49 94 28 27 44 49 45 88 74 53 92 60 
34 70 84 98 62 35 56 59 92 76 61 17 67 50 29 46 92 86 61 67 
31 57 27 64 18 14 90 67 26 92 31 35 67 35 72 89 20 25 73 72 
43 26 93 99 87 42 57 46 91 98 91 26 91 84 29 87 38 99 74 93 
91 86 88 84 37 45 68 71 43 31 69 85 45 37 90 33 27 24 52 38 
36 67 18 91 87 55 44 25 43 40 78 55 98 96 60 80 17 94 12 89 
26 55 65 86 41 79 48 11 49 47 26 95 39 76 30 28 91 11 84 97 
20 73 55 80 31 84 26 62 76 21 16 86 20 87 18 32 16 79 77 71 
60 61 90 57 46 83 91 95 92 28 88 12 86 12 99 45 79 66 26 40 
39 70 21 75 55 27 47 74 76 47 84 95 96 15 71 14 24 35 10 77 
79 28 46 66 78 87 47 59 65 31 84 89 64 85 73 92 18 27 84 29 
68 84 74 79 55 72 28 56 95 92 15 94 47 65 99 75 66 82 10 78 
57 61 32 13 31 84 87 32 53 61 65 34 33 55 11 91 82 54 25 89 
45 41 40 72 90 63 80 54 81 91 48 94 58 54 72 42 90 41 70 43 
50 89 54 82 54 47 66 44 19 63 70 88 56 75 21 85 28 78 78 18 
59 67 92 65 20 76 19 41 39 54 60 87 95 63 38 41 53 52 16 45 
79 11 56 83 79 62 86 45 59 44 28 19 46 13 70 52 27 82 37 19 
26 91 29 79 69 55 64 25 61 23 60 39 79 49 82 11 53 18 97 68 
46 27 48 74 91 13 25 65 92 73 43 19 75 89 90 60 15 99 74 70 
78 41 48 74 85 87 47 75 39 91 95 19 89 63 91 33 46 32 67 74 
80 27 40 74 45 92 82 61 63 58 23 82 40 39 78 73 11 37 19 25 
93 23 97 51 36 50 93 53 46 93 68 65 90 24 63 95 63 44 38 54 
87 83 83 57 75 44 99 68 95 52 41 76 37 96 86 21 53 50 64 45 
45 42 47 67 59 45 22 25 96 50 42 78 60 56 79 53 79 41 99 85 
55 58 15 69 88 10 10 71 56 64 80 54 97 87 94 57 97 11 41 53 
45 59 84 81 45 77 96 42 39 58 44 71 77 30 46 59 78 16 85 17 
44 48 96 43 98 82 60 96 63 75 62 25 19 61 10 24 56 83 94 22 
91 26 13 28 75 79 20 71 41 56 86 23 36 85 72 69 94 58 57 87 
37 89 77 94 72 48 50 94 45 54 94 74 45 85 19 53 37 99 85 93 
48 14 34 61 29 42 70 22 78 34 80 82 67 38 71 72 83 36 96 58 
62 54 46 76 29 27 52 46 15 44 71 42 12 12 95 96 44 36 18 56 
27 67 21 94 25 52 29 37 30 83 25 64 99 54 54 83 79 10 33 66 
82 18 35 21 36 76 16 96 36 56 57 79 39 91 99 80 68 29 79 59 
40 55 50 81 99 94 39 71 88 35 95 50 52 24 78 49 93 74 22 81 
85 88 26 79 82 45 27 91 22 92 63 99 68 24 21 11 98 87 19 45 
99 30 10 94 26 93 76 34 29 42 94 59 79 30 48 34 41 62 92 74 
23 71 61 97 73 57 58 72 25 69 76 79 35 42 77 72 42 26 39 62 
80 97 18 22 34 48 39 60 67 34 51 70 47 39 47 12 68 93 44 84 
97 57 10 74 44 50 27 71 80 77 87 60 35 37 41 46 86 60 37 27 
17 32 18 67 18 49 84 38 67 60 98 88 91 67 35 63 69 58 98 40 
51 75 17 26 29 48 63 11 37 11 96 84 23 26 80 56 95 13 87 14 
58 17 14 10 39 43 65 25 33 65 33 33 11 90 77 13 80 52 58 27 
48 67 43 61 78 90 56 17 50 53 58 13 29 38 57 92 89 80 44 26 
85 58 64 78 35 65 38 23 22 48 35 31 59 18 55 18 87 36 89 54 
79 62 31 35 66 69 85 20 88 69 59 25 60 67 45 55 51 57 87 92 
50 26 77 44 16 97 86 53 11 65 93 26 67 82 47 23 45 12 41 55 
50 25 16 50 45 54 66 83 78 10 18 39 87 66 63 20 95 23 78 32 
48 66 11 98 93 28 77 99 53 33 56 15 76 56 21 34 55 61 71 95 
90 37 42 37 98 26 40 91 53 32 69 10 28 26 88 32 94 45 53 61 
91 62 27 58 39 56 55 55 36 67 81 86 85 57 66 84 14 94 80 80 
77 19 30 11 79 29 57 27 69 21 98 73 45 93 12 67 57 39 46 52 
74 82 94 99 72 35 35 54 36 13 98 45 95 71 62 83 43 12 77 68 
28 54 72 34 86 34 84 73 84 59 14 45 24 18 33 63 42 55 22 39 
74 89 97 96 55 88 67 82 62 29 30 97 69 98 71 42 28 72 66 32 
30 89 56 74 83 83 76 46 51 20 25 61 38 24 54 67 40 32 47 12 
41 80 29 13 78 12 21 94 32 14 17 21 84 51 73 78 90 25 36 65 
77 11 51 57 78 65 23 38 45 42 81 28 78 38 84 94 34 93 53 82 
53 42 29 47 15 66 52 10 65 89 49 77 86 11 92 95 35 55 24 32 
73 67 78 22 41 10 30 55 59 84 18 36 69 16 47 61 86 70 78 93 
44 91 82 51 67 88 69 87 82 55 96 58 50 33 50 42 54 60 10 76 
59 50 27 59 50 63 66 35 14 57 74 66 66 34 49 62 47 54 42 78 
26 40 95 61 43 73 59 36 56 63 94 21 66 21 29 86 44 75 63 83 
92 93 12 42 91 93 64 39 85 11 11 67 49 18 41 97 95 29 83 87 
96 47 77 99 56 82 87 91 69 35 52 23 54 42 85 24 50 14 30 88 
83 49 41 43 64 97 36 77 62 93 42 77 38 14 14 43 75 37 23 76 
11 40 50 93 71 44 32 35 74 19 14 33 16 54 89 60 76 13 93 73 
47 82 10 57 55 18 90 83 96 44 43 11 45 71 93 49 85 27 83 26 
27 86 75 56 84 37 30 73 40 75 24 73 57 14 61 58 69 14 47 53 
45 48 15 23 12 30 17 13 59 91 57 91 48 44 65 43 70 96 51 44 
69 35 59 22 85 56 64 28 84 21 92 15 27 91 26 92 46 41 20 56 
72 33 68 73 73 86 90 92 27 21 28 13 98 68 24 68 15 62 94 17 
45 28 67 79 62 81 67 72 80 95 51 92 97 70 73 54 11 87 48 82 
64 17 48 42 41 49 50 41 32 91 91 28 39 41 44 52 35 16 88 70 
56 57 98 11 79 27 43 30 88 47 96 16 36 14 85 80 20 77 13 95 
32 52 75 45 55 56 97 41 35 38 73 13 60 77 66 25 91 90 60 45 
72 18 48 39 21 40 88 84 91 21 84 91 10 67 17 87 23 12 31 73 
50 96 58 79 97 51 60 25 54 86 59 68 82 51 89 74 59 57 77 38 
58 94 15 47 46 48 15 49 12 70 11 52 14 87 19 38 76 63 95 42 
73 75 80 42 23 93 61 93 96 12 83 15 73 73 75 57 11 68 34 64 
19 59 68 56 85 18 68 92 44 37 61 44 52 73 65 84 82 33 53 43 
22 46 48 81 63 25 19 76 30 83 27 51 42 52 41 28 84 34 23 47 
18 68 23 16 57 38 17 41 80 12 85 75 49 10 62 33 37 98 64 65 
34 24 71 81 15 86 26 73 99 95 25 34 12 52 14 55 87 80 67 92 
94 15 72 35 73 52 54 91 40 97 83 53 23 93 43 89 65 77 96 95 
29 66 44 44 75 39 45 56 85 49 64 74 91 37 14 46 11 62 35 38 
45 74 33 56 99 61 31 21 56 29 70 22 95 70 37 83 98 53 89 44 
67 35 38 50 51 15 60 81 49 69 48 47 95 79 81 79 67 95 43 70 
86 87 82 42 31 78 29 83 23 48 47 67 76 19 19 41 23 88 93 94 
53 18 18 86 38 58 24 74 59 10 77 30 50 33 12 79 46 79 41 60 
89 91 96 70 65 81 96 87 89 81 95 54 83 64 52 65 87 96 87 92 
75 57 78 83 90 29 79 83 65 45 90 35 25 14 76 44 81 36 14 81 
68 93 10 49 10 44 98 21 81 14 88 44 82 45 91 96 32 87 27 57 
15 72 50 64 80 81 41 31 98 32 18 54 31 81 49 69 63 17 14 65 
36 65 71 70 36 59 48 10 33 89 62 23 94 59 43 58 37 47 10 91 
24 20 28 30 52 79 18 81 30 80 29 91 91 28 45 53 21 25 38 22 
86 27 64 76 38 16 92 59 52 75 90 21 91 56 42 40 74 25 28 55 
57 82 24 45 83 45 13 30 93 68 70 58 80 23 36 55 16 27 32 58 
25 70 41 63 25 34 97 31 79 97 68 58 10 44 25 32 67 88 43 17 
75 20 10 37 35 88 34 98 25 64 86 51 66 24 74 25 90 58 90 52 
15 70 40 54 48 28 13 78 97 39 59 88 11 52 50 70 17 58 29 36 
94 81 42 64 94 29 50 13 60 17 36 20 45 18 46 91 23 53 49 24 
36 63 50 37 44 12 20 14 75 13 22 84 36 12 47 44 96 48 97 76 
88 23 22 16 91 35 45 88 38 41 81 12 25 40 34 65 19 64 37 42 
94 36 12 50 78 85 16 20 75 98 70 84 52 49 73 67 81 35 65 63 
99 89 35 74 55 42 19 47 50 51 32 99 96 99 57 96 37 44 83 16 
92 69 50 87 10 84 84 94 35 31 78 81 23 39 10 63 25 74 78 85 
43 99 50 32 12 42 90 75 56 92 58 43 40 19 48 31 36 37 10 39 
13 62 95 25 58 30 95 15 42 65 93 68 92 18 20 42 16 10 45 23 
40 77 71 33 15 34 30 26 67 61 46 50 92 21 61 82 84 67 86 91 
10 20 77 61 93 94 73 37 36 66 48 62 96 88 25 99 88 84 18 21 
94 33 98 27 13 79 38 60 81 47 54 63 83 36 46 77 45 12 17 76 
18 18 50 50 71 54 72 38 18 30 43 86 72 41 99 21 42 29 58 73 
59 74 12 37 80 64 25 66 88 55 25 70 54 79 78 49 26 82 98 59 
51 56 87 54 58 96 62 30 36 37 70 89 16 30 29 81 83 49 61 58 
14 21 11 34 26 63 61 53 24 77 74 46 31 69 29 84 78 95 33 80 
66 95 91 55 84 90 47 41 82 45 91 81 89 89 16 96 12 37 81 87 
83 74 60 22 61 98 42 15 94 75 68 89 60 89 99 86 35 77 50 40 
28 98 77 30 16 55 90 13 48 75 47 68 77 15 88 25 92 80 89 14 
68 89 72 12 21 66 49 34 73 58 95 24 89 79 47 89 40 66 17 78 
55 85 15 81 16 65 28 59 42 63 11 56 64 90 97 93 31 89 72 55 
81 66 65 67 48 74 53 16 53 37 39 28 11 93 50 94 23 94 89 80 
59 61 88 59 56 64 10 36 58 74 57 71 83 14 40 48 57 29 97 17 
10 31 17 71 81 52 31 66 25 38 16 89 34 99 74 98 16 33 69 91 
51 35 52 56 59 78 77 64 50 16 27 27 78 49 77 97 91 94 80 38 
77 19 18 95 81 68 26 42 58 37 10 65 75 45 40 56 58 28 20 98 
18 91 91 85 11 58 33 47 72 38 90 38 49 54 96 11 81 46 74 96 
25 50 46 92 68 93 22 37 30 68 80 78 16 51 92 85 58 44 71 11 
59 35 38 61 78 71 46 51 19 95 84 58 82 45 95 42 75 36 77 88 
69 10 52 65 70 97 75 65 36 24 55 94 52 24 47 21 48 62 46 98 
26 66 73 33 12 69 40 86 81 34 12 37 34 28 37 89 68 99 28 13 
19 45 94 78 64 47 24 31 49 87 74 97 29 62 31 70 92 23 84 46 
38 89 78 52 76 88 97 32 17 83 96 22 93 63 56 31 11 84 41 29 
87 11 57 10 18 96 65 22 19 53 15 75 48 62 55 44 73 28 75 12 
71 19 24 16 30 32 42 35 76 26 76 78 74 36 18 53 40 16 75 11 
10 39 41 89 28 31 78 21 51 59 23 45 83 71 79 38 68 48 35 16 
48 32 84 25 21 84 15 98 34 38 48 82 48 94 24 68 70 60 23 29 
71 23 17 69 56 35 94 87 19 57 97 60 93 13 85 22 12 67 85 59 
45 43 77 54 43 54 81 75 83 23 91 39 64 13 32 16 24 45 76 80 
69 63 41 23 91 37 53 20 87 46 81 80 78 48 50 63 22 52 76 64 
59 89 86 87 10 53 71 92 79 77 97 40 88 62 51 83 19 49 56 30 
95 12 85 35 55 75 34 22 32 40 96 44 31 73 50 76 51 58 35 37 
53 64 74 95 15 12 74 18 66 17 71 19 45 77 88 43 93 17 65 81 
11 10 88 31 45 65 93 79 22 27 83 78 52 37 73 38 61 63 75 74 
73 75 42 91 56 78 86 55 79 33 65 42 55 31 65 56 56 69 81 67 
14 45 61 29 44 75 98 44 36 58 84 51 81 52 63 82 52 88 56 88 
11 27 70 86 63 62 95 14 37 27 66 79 67 84 62 15 65 16 72 42 
16 95 17 30 22 23 45 64 55 83 81 49 51 18 50 28 99 32 63 80 
38 66 39 80 18 38 22 94 97 30 65 68 57 36 15 39 88 27 91 32 
31 86 32 43 93 61 40 20 89 75 92 13 97 61 57 21 69 80 87 92 
72 21 25 62 68 34 64 54 73 73 20 70 71 33 27 37 50 42 91 24 
64 59 45 48 86 58 87 70 48 14 55 98 25 83 91 59 96 14 87 45 
91 18 69 52 32 77 32 64 72 90 81 32 18 70 75 79 71 94 51 74 
62 94 25 31 85 43 12 18 32 61 45 68 57 84 42 85 62 60 57 63 
60 15 28 74 53 44 51 29 54 12 96 55 70 26 88 80 38 40 34 35 
11 63 92 27 12 95 41 55 88 16 68 96 31 87 41 12 52 32 24 16 
30 62 77 99 79 24 79 36 88 44 35 59 36 13 29 97 44 60 38 94 
46 19 53 19 13 77 30 44 22 15 49 88 29 92 43 96 53 81 18 46 
67 30 21 28 13 74 66 92 79 80 76 89 21 95 64 38 10 72 29 53 
61 53 34 72 80 66 18 27 67 62 24 63 11 84 73 21 69 14 42 31 
27 93 42 33 53 27 84 79 88 59 55 61 71 71 75 79 21 58 27 54 
40 25 68 91 74 25 99 12 75 25 62 27 27 12 40 30 29 86 12 96 
60 22 80 59 77 38 61 95 20 85 36 42 85 55 56 45 65 97 32 65 
74 58 93 23 99 13 72 95 57 45 50 25 66 33 90 73 54 66 80 67 
21 25 10 46 20 21 15 48 65 70 98 53 61 59 91 82 92 31 42 70 
96 31 57 53 57 58 22 83 78 88 35 71 36 47 40 97 33 25 49 15 
88 90 83 83 13 36 24 46 14 85 82 60 60 52 69 34 53 87 67 38 
59 46 28 42 10 25 90 41 69 68 46 65 23 98 58 97 35 27 61 63 
99 84 42 77 89 29 26 39 43 23 20 80 29 21 91 23 87 94 92 52 
71 10 26 81 34 30 76 13 93 21 72 70 13 70 10 95 48 82 28 35 
78 35 98 36 17 13 48 21 69 25 45 14 25 75 79 97 93 96 70 46 
23 71 72 30 31 88 26 61 89 53 51 83 68 37 28 60 82 42 40 84 
59 85 44 64 46 25 91 53 44 41 12 16 51 69 45 51 13 99 82 32 
60 72 22 28 43 96 57 70 86 63 42 64 34 56 27 44 91 54 85 91 
15 90 16 40 32 38 16 83 27 37 62 87 19 45 43 63 58 54 49 95 
44 75 45 13 51 78 39 45 13 48 57 28 65 96 57 42 70 21 53 33 
97 83 15 34 80 85 15 85 84 27 64 81 57 60 81 77 32 35 13 13 
71 51 40 33 90 99 38 74 11 41 72 29 16 12 70 66 87 93 44 88 
77 16 95 63 92 69 69 64 10 72 79 95 19 72 49 20 99 42 94 10 
30 52 80 91 63 34 55 60 89 76 41 83 78 27 54 63 65 94 79 67 
60 53 89 61 55 77 60 77 82 36 48 50 40 55 74 63 48 17 10 67 
85 95 93 62 78 56 65 28 42 27 20 14 81 99 74 85 55 28 68 24 
54 34 65 40 66 62 11 57 75 30 39 20 66 37 96 87 31 94 25 21 
90 49 90 64 88 27 65 98 18 88 92 56 37 79 45 80 12 49 65 85 
21 44 60 75 61 62 49 10 17 75 85 10 85 21 19 21 82 51 76 73 
81 86 25 64 42 72 95 58 23 79 63 65 78 56 76 83 21 19 59 46 
97 20 71 83 29 23 81 56 45 35 97 35 70 46 46 41 29 39 10 63 
38 34 51 72 89 54 55 70 11 19 58 58 22 78 72 76 99 16 37 65 
47 76 64 89 79 55 12 30 68 98 16 84 93 87 88 16 62 37 28 90 
79 46 46 38 56 34 43 64 86 66 89 87 81 41 33 72 22 53 61 37 
25 91 51 90 88 74 43 30 67 66 33 36 82 11 64 15 97 61 46 92 
71 20 30 93 72 68 13 56 73 17 78 33 36 14 45 71 98 92 94 75 
34 45 52 99 59 78 71 90 62 76 40 60 94 14 34 30 88 93 57 87 
62 82 83 27 38 63 94 26 89 86 35 99 39 90 31 62 53 46 43 42 
21 26 82 97 20 24 12 62 88 82 17 12 48 62 95 61 13 67 37 55 
46 41 54 37 45 82 46 83 80 43 47 75 74 18 17 84 19 83 12 19 
26 36 40 71 26 25 89 30 44 59 48 72 45 90 39 34 60 20 17 20 
75 49 71 44 80 14 47 62 65 29 78 77 51 47 75 15 57 69 76 99 
66 28 78 28 96 45 70 61 98 13 13 62 31 98 11 42 36 13 99 58 
35 75 23 71 78 82 10 47 90 82 12 73 10 54 72 37 38 94 75 71 
97 35 63 57 30 68 61 20 71 68 37 43 12 38 84 50 64 44 23 29 
97 72 62 41 26 66 24 34 50 33 57 59 99 41 12 61 96 73 48 62 
17 87 82 57 36 75 17 94 15 36 17 15 81 42 87 68 99 70 23 33 
32 71 55 58 98 56 77 66 78 74 19 88 26 14 79 39 86 53 36 35 
52 16 15 25 69 72 92 37 13 94 72 61 59 24 40 32 67 40 78 27 
67 84 33 46 93 59 70 66 43 86 95 43 97 57 46 81 91 83 40 13 
16 74 59 29 31 61 68 79 41 11 33 11 28 43 77 68 94 48 79 10 
11 69 37 45 13 71 79 33 32 62 59 99 98 49 77 61 15 53 92 18 
97 57 48 89 39 66 21 30 49 77 19 85 65 29 67 25 45 96 58 87 
25 70 25 44 24 82 80 21 51 88 40 77 49 38 15 33 11 73 92 85 
84 92 65 76 38 40 32 82 83 99 58 38 61 73 79 35 61 41 89 95 
26 34 16 48 29 96 19 81 52 27 93 23 45 34 29 20 91 52 92 90 
26 36 46 76 13 13 32 23 11 91 80 16 49 61 52 90 83 44 63 11 
30 66 68 97 79 34 79 87 94 59 12 47 94 40 48 27 43 66 63 77 
16 89 74 93 28 78 24 57 88 66 18 44 81 91 69 95 17 20 38 25 
16 78 88 66 36 74 78 80 49 55 92 95 96 96 58 57 63 78 11 43 
32 67 46 14 51 39 29 32 91 98 23 68 73 97 65 90 87 64 28 14 
56 33 25 23 76 99 63 58 47 51 46 33 93 37 37 74 58 70 65 27 
98 64 69 19 13 69 14 48 38 69 93 81 55 30 28 49 45 48 26 33 
47 88 42 34 71 49 44 34 35 83 11 95 70 69 41 27 21 56 72 90 
41 19 19 32 73 55 16 11 35 61 41 62 52 74 39 19 24 44 88 47 
87 11 94 67 69 56 66 58 29 53 22 10 48 74 28 71 78 11 81 49 
54 64 56 97 99 12 80 58 19 80 55 55 88 88 63 95 15 26 45 47 
67 45 57 90 89 56 91 84 95 45 16 36 42 92 99 88 55 72 36 86 
35 82 50 21 46 50 79 53 87 92 81 80 85 74 54 79 94 59 42 47 
50 42 56 67 74 45 63 12 35 98 20 38 58 64 24 19 48 42 59 33 
41 62 21 23 81 79 40 37 68 46 59 84 96 83 88 60 50 32 21 81 
98 76 90 50 29 88 12 50 85 63 88 82 37 47 96 38 91 92 77 98 
62 94 98 33 48 33 31 15 52 83 45 97 85 34 61 84 50 75 84 30 
15 55 97 91 69 23 73 47 10 12 23 12 91 22 50 99 75 49 95 68 
46 43 74 74 61 28 14 59 40 94 30 37 20 77 61 67 82 78 33 43 
25 23 90 24 15 58 43 65 34 84 76 72 40 98 19 75 87 83 81 29 
88 32 22 46 47 37 57 49 45 93 34 73 15 90 99 78 73 75 40 46 
64 45 78 26 45 92 63 57 76 62 23 33 94 63 44 26 96 29 27 43 
82 16 13 39 32 67 67 41 53 35 45 60 77 58 29 79 49 35 11 82 
50 61 38 33 39 60 42 63 94 67 54 46 56 77 45 77 27 16 44 80 
18 68 23 56 76 80 62 88 12 41 77 50 37 86 23 68 38 99 37 76 
13 85 72 48 50 58 40 49 63 37 45 89 28 97 76 64 27 93 75 44 
45 41 28 20 30 91 60 38 50 50 21 39 87 29 48 21 33 93 66 21 
46 72 83 91 46 79 29 73 61 43 24 52 33 43 19 81 34 39 27 51 
30 11 68 36 70 35 91 39 43 68 96 60 51 32 18 59 83 23 24 11 
13 62 80 20 26 17 33 68 87 18 84 24 98 23 73 38 31 93 91 84 
64 36 72 63 93 32 70 93 41 97 52 21 59 82 71 88 64 98 89 74 
17 30 92 41 85 40 73 26 84 25 19 85 28 47 38 47 99 25 49 61 
16 64 31 66 14 71 22 48 52 22 41 56 42 54 95 58 77 29 78 81 
32 83 67 26 30 65 55 71 18 77 79 18 21 42 36 62 65 37 79 70 
66 57 20 21 44 90 39 29 24 65 28 82 97 60 41 82 91 66 74 80 
84 65 96 86 30 84 71 34 65 86 78 67 36 97 66 13 98 79 97 35 
20 59 95 87 99 16 35 12 24 45 28 17 98 62 84 44 19 10 51 10 
22 43 16 87 80 96 90 25 44 13 16 24 28 81 16 93 57 16 40 66 
80 67 94 78 14 47 62 50 97 40 18 31 73 26 23 20 18 15 87 68 
38 54 66 67 25 70 15 47 15 18 57 39 41 22 66 78 64 35 81 51 
71 53 78 27 39 37 11 48 38 13 48 29 88 45 87 52 36 93 91 32 
60 33 31 35 82 34 68 30 29 30 97 31 60 38 79 81 27 43 67 80 
98 74 44 14 73 14 87 72 26 53 49 76 27 70 26 51 76 93 52 15 
51 30 19 27 46 81 14 88 30 23 46 12 63 38 68 28 27 96 47 41 
45 40 14 70 55 86 23 32 18 86 76 23 89 47 46 83 37 27 80 10 
49 20 33 66 60 41 54 39 17 40 42 72 94 63 90 15 24 37 81 47 
22 86 75 34 50 15 10 43 67 71 22 56 83 49 25 20 24 55 45 68 
26 31 57 44 75 67 41 43 84 73 53 68 62 51 40 87 80 22 14 81 
75 10 52 40 41 45 50 85 32 61 65 53 22 43 17 20 63 52 94 22 
73 59 32 81 27 59 61 23 27 92 17 44 64 47 79 64 85 85 17 57 
18 69 32 86 98 12 30 49 41 32 81 27 42 50 73 38 77 78 28 11 
96 89 36 40 85 40 87 78 83 34 51 90 79 40 87 43 51 42 43 38 
51 29 10 21 49 82 85 37 87 13 63 71 32 73 20 31 58 81 25 77 
84 76 32 56 24 93 21 54 30 11 90 72 94 12 10 51 47 20 64 48 
39 88 56 83 54 71 26 87 45 81 64 58 10 67 68 41 68 47 82 70 
77 18 41 67 34 81 56 73 16 69 85 78 48 70 81 73 64 99 76 93 
82 73 35 59 19 54 14 30 97 14 79 55 84 43 40 11 41 98 60 25 
41 73 78 52 45 50 86 96 55 66 95 63 97 70 90 78 63 37 99 58 
84 68 50 24 26 79 92 38 39 80 55 22 63 95 82 72 13 22 46 10 
85 85 67 93 82 19 13 29 87 74 67 62 81 89 57 70 77 75 76 40 
21 22 15 93 25 26 92 28 50 53 24 99 42 58 68 73 16 82 80 33 
81 14 43 59 38 18 81 85 47 69 19 38 20 34 72 74 98 20 90 55 
81 34 45 77 29 96 35 68 10 40 53 59 91 94 91 88 75 39 20 36 
41 34 90 91 87 58 54 81 52 97 46 92 66 81 71 53 56 87 19 95 
65 96 98 67 93 25 30 11 42 58 26 65 66 84 43 42 29 53 14 76 
43 57 54 54 60 58 49 65 99 15 95 85 31 22 26 67 72 77 52 37 
35 91 70 21 55 49 99 33 71 18 24 74 69 50 65 96 55 71 55 15 
72 11 62 41 93 39 63 22 41 12 69 55 60 27 84 60 34 44 18 90 
83 90 41 14 22 74 33 83 82 24 90 63 63 38 71 72 42 36 76 18 
42 77 78 65 93 42 48 51 28 87 37 88 71 45 71 81 54 41 19 19 
26 25 51 46 63 64 83 58 62 52 92 24 45 93 47 35 30 87 22 78 
34 29 96 20 63 45 81 70 66 36 54 82 95 19 38 65 49 11 77 22 
16 55 16 49 89 10 66 17 71 53 53 89 71 55 43 11 31 20 96 55 
59 10 25 61 57 79 98 90 92 88 85 22 68 16 64 55 60 21 30 48 
15 88 57 58 22 31 60 91 16 80 66 59 59 84 95 54 96 76 95 66 
49 52 99 94 27 73 58 54 53 39 34 85 55 39 61 99 10 90 37 21 
49 92 38 13 75 68 91 98 90 30 63 88 67 80 10 13 20 52 67 58 
48 44 33 43 67 15 23 51 75 18 70 40 72 39 43 14 46 29 28 84 
63 75 95 35 65 84 85 94 10 67 42 37 35 47 98 77 86 60 27 63 
15 10 55 34 41 30 77 78 21 88 49 30 73 78 65 63 71 80 82 88 
13 92 58 86 65 72 44 17 24 38 27 20 73 10 48 66 15 97 49 77 
42 43 39 15 90 56 35 19 17 31 64 31 67 89 54 69 22 37 14 39 
40 33 56 86 72 36 58 93 48 87 23 51 77 82 44 23 37 90 41 84 
21 90 99 60 79 12 54 16 40 38 50 56 54 64 86 97 91 20 90 18 
33 66 39 88 60 19 68 91 76 25 86 78 21 51 90 51 25 78 59 51 
99 19 42 40 11 47 91 26 28 98 13 88 61 57 33 58 59 68 69 21 
21 77 44 81 39 74 38 45 57 69 38 79 92 17 70 67 34 70 59 35 
41 58 74 73 51 89 21 31 26 99 52 58 65 42 17 41 63 28 86 59 
28 82 28 38 53 50 14 32 18 23 35 79 64 57 58 29 50 69 20 43 
16 29 41 92 70 91 53 44 43 53 27 70 58 85 20 74 24 21 86 34 
16 18 46 93 19 73 20 88 30 58 54 19 67 79 74 32 16 13 79 89 
43 65 74 32 24 35 47 68 20 56 71 66 74 63 59 89 56 24 14 27 
91 43 74 89 45 95 27 26 90 10 57 95 19 72 65 19 46 63 12 77 
52 68 52 41 46 35 65 68 46 87 30 69 26 82 67 56 24 87 36 65 
55 16 64 61 82 88 81 95 45 37 17 26 91 37 88 98 25 95 27 50 
48 48 97 22 85 66 62 39 20 17 28 39 55 70 96 60 21 49 94 34 
92 61 57 73 11 24 38 48 49 70 31 48 57 95 98 14 55 37 64 75 
60 92 33 14 37 21 31 91 44 56 72 33 68 56 54 25 92 38 68 69 
85 96 65 48 93 87 50 45 25 14 70 40 63 24 76 35 15 73 58 39 
93 75 96 61 50 87 97 96 41 61 17 68 40 89 76 90 27 76 43 62 
74 94 65 44 50 98 71 97 88 94 40 80 54 72 25 60 82 65 58 30 
79 19 75 94 22 36 76 36 25 92 15 61 81 66 85 42 14 36 77 29 
14 22 97 48 94 90 50 24 60 36 91 64 13 63 34 18 18 23 13 56 
98 55 26 92 26 28 68 36 43 18 22 70 27 53 38 94 12 47 18 74 
81 94 22 30 38 53 55 11 59 93 15 71 83 81 99 94 61 10 62 77 
84 98 40 75 27 73 78 75 26 80 72 50 91 14 51 45 51 83 82 18 
35 74 30 47 55 66 27 76 19 97 33 49 83 65 43 35 80 28 94 65 
38 34 29 72 78 69 21 44 62 76 69 80 34 21 93 44 20 35 91 84 
68 85 12 98 42 97 36 88 83 18 16 73 45 28 92 71 22 50 98 32 
74 92 11 65 47 38 54 73 58 30 49 88 40 28 76 61 27 51 22 47 
31 90 26 94 32 81 73 33 55 24 78 54 81 92 71 94 14 97 93 95 
81 16 20 65 85 45 73 41 67 24 33 25 79 27 92 88 38 92 46 95 
59 69 59 39 75 26 72 17 88 66 76 39 49 62 56 62 19 40 33 72 
61 21 39 61 90 22 92 82 69 40 81 46 70 54 16 96 19 88 56 39 
13 26 96 40 91 29 31 31 71 76 18 92 97 97 28 22 92 42 40 87 
46 67 85 81 86 68 38 39 47 49 66 17 31 92 87 80 93 73 47 92 
72 79 51 86 33 79 26 60 34 46 10 13 13 58 34 90 53 72 88 53 
10 29 82 25 90 33 85 72 54 75 72 31 59 70 38 53 58 84 97 49 
75 59 53 92 89 78 33 33 39 95 91 84 55 57 47 35 64 13 42 35 
19 74 94 30 62 94 45 54 73 20 96 66 13 58 41 34 87 20 12 92 
99 23 98 65 84 61 30 84 58 21 54 50 16 15 71 83 69 65 70 72 
80 83 54 22 80 65 92 62 75 74 83 93 49 69 91 14 74 56 45 99 
50 22 85 45 28 35 76 48 52 47 40 82 94 78 42 95 47 15 83 40 
90 35 27 36 81 73 66 15 27 75 55 57 30 43 44 26 58 48 15 51 
87 78 14 55 94 29 21 19 60 55 58 66 81 99 48 94 97 26 35 47 
77 35 85 89 12 26 55 93 41 56 99 96 31 48 44 35 39 50 45 32 
47 58 52 17 81 39 15 74 33 72 35 63 71 54 93 79 28 60 30 12 
68 62 63 11 15 72 65 34 79 24 71 94 23 81 56 29 39 60 21 33 
18 38 54 59 51 16 54 10 18 62 15 89 57 67 24 59 83 12 89 59 
51 40 76 64 55 30 92 54 67 77 61 24 96 97 62 10 73 65 69 92 
22 18 61 51 33 37 70 59 73 55 82 26 47 20 69 59 32 91 32 44 
98 78 35 48 19 38 62 93 98 26 92 53 11 89 68 27 82 53 23 59 
87 66 53 62 10 25 20 47 68 34 40 92 45 25 99 87 57 75 58 10 
69 46 14 72 42 69 21 72 73 80 17 61 91 10 35 75 49 23 51 78 
49 86 92 12 33 12 11 16 40 27 82 17 26 72 68 10 16 90 67 27 
65 10 35 74 86 71 31 88 69 21 93 44 40 54 31 65 23 67 95 70 
47 93 48 75 53 78 27 82 87 50 30 33 17 29 95 36 48 69 75 93 
77 93 84 71 43 67 52 55 22 16 46 55 73 86 40 51 80 14 40 52 
64 77 20 81 78 79 88 27 83 43 41 23 49 39 30 53 34 33 79 95 
42 33 84 18 70 42 19 93 47 17 32 83 74 28 38 96 76 81 24 34 
45 55 89 97 70 58 37 40 25 43 62 83 37 98 50 93 66 30 43 41 
27 90 44 25 11 61 58 86 41 23 10 75 20 35 77 35 82 74 49 48 
96 13 57 98 88 61 81 59 36 42 56 82 72 76 81 16 57 58 87 42 
76 32 92 76 71 69 98 74 30 28 93 78 24 66 53 14 88 28 15 20 
93 49 99 56 18 31 34 54 70 38 88 73 47 56 15 93 74 66 29 49 
31 21 58 25 89 49 41 18 19 17 55 99 22 67 73 10 70 16 58 57 
46 63 93 79 40 47 57 90 34 13 36 58 33 57 47 86 10 50 92 58 
80 18 43 59 52 12 75 61 81 25 92 18 50 32 27 89 33 43 14 74 
90 65 21 53 15 63 51 44 33 56 10 87 57 96 81 45 10 70 10 61 
35 68 19 51 97 79 67 85 57 84 39 25 96 89 95 94 16 77 95 51 
51 99 94 89 50 96 59 89 45 81 87 86 29 16 46 19 93 57 93 46 
89 63 52 19 22 11 82 71 23 53 40 19 37 82 66 45 96 26 15 17 
57 29 13 34 30 66 19 62 23 77 43 37 31 87 61 39 16 98 51 38 
60 62 94 34 26 93 13 96 13 12 60 59 84 22 94 42 89 58 39 68 
61 86 27 79 34 55 62 92 86 22 38 67 29 80 81 39 81 73 23 88 
40 49 75 20 16 99 85 43 13 74 76 66 44 96 39 36 81 81 92 84 
77 72 92 59 60 21 84 79 47 97 81 89 75 66 45 85 36 72 18 67 
98 30 24 58 18 98 77 84 91 38 20 55 95 71 11 18 38 77 23 29 
25 38 63 53 36 57 45 91 32 11 56 21 17 77 10 52 59 12 99 99 
80 38 95 64 87 86 88 32 63 36 77 65 20 44 26 61 68 85 18 72 
59 71 83 86 18 40 43 40 96 72 75 18 29 26 25 69 70 51 85 90 
67 37 58 37 54 11 98 83 16 41 94 62 28 61 24 37 71 68 31 83 
95 58 32 20 44 84 27 13 37 30 68 86 24 41 94 83 77 22 23 18 
57 34 17 47 54 40 77 32 33 48 23 16 16 63 17 27 35 61 72 83 
88 21 97 83 16 10 49 42 55 86 79 50 52 76 24 65 15 98 75 66 
97 19 24 67 76 56 23 19 48 89 28 72 51 41 17 45 66 24 68 87 
44 15 71 40 58 81 41 90 54 41 71 41 49 66 94 18 38 93 82 22 
60 69 22 99 43 61 82 46 17 28 74 86 31 37 30 36 97 22 22 63 
59 37 93 29 11 53 52 37 71 87 68 58 15 48 33 70 48 89 24 57 
28 44 80 45 85 33 19 54 34 72 72 68 90 42 41 57 59 32 56 59 
15 49 35 46 52 27 75 59 59 74 30 14 20 33 92 63 67 12 47 42 
99 28 82 84 62 98 27 38 46 82 94 41 96 28 48 62 84 76 36 34 
71 10 82 24 98 13 61 47 41 27 20 12 36 81 35 94 65 47 94 64 
58 21 98 33 33 39 61 42 52 48 67 80 75 56 13 16 99 86 83 75 
88 19 39 50 20 18 87 28 44 90 13 47 50 72 71 15 31 93 48 13 
89 31 70 52 87 63 91 69 59 83 53 33 36 56 51 92 92 78 71 59 
99 49 53 48 14 73 24 99 91 38 83 34 54 42 85 63 57 88 14 40 
73 61 65 46 21 67 37 25 51 10 74 86 85 52 36 42 85 25 97 46 
82 45 64 66 99 98 28 84 59 81 77 70 61 90 37 26 57 14 29 49 
11 42 44 19 85 79 83 81 56 46 36 64 49 98 51 36 97 50 89 93 
60 83 36 52 11 26 46 59 44 46 10 30 86 38 79 63 16 24 46 41 
51 93 88 58 86 83 70 69 43 84 32 33 30 56 97 52 31 42 31 80 
55 41 59 96 88 52 29 89 67 29 76 54 16 88 81 37 80 82 37 39 
90 25 74 64 96 81 79 42 33 67 86 80 29 32 29 80 49 79 67 28 
67 97 18 61 71 78 45 48 81 98 21 47 67 64 67 87 98 69 22 71 
66 13 16 61 20 41 29 73 70 34 42 80 73 32 87 99 18 37 56 52 
52 13 60 93 94 15 49 86 52 37 61 88 15 54 59 89 51 27 52 61 
34 73 53 92 64 30 98 63 55 80 36 43 74 47 73 38 63 76 36 44 
92 62 32 93 29 90 59 33 49 88 67 43 30 51 15 73 60 54 48 18 
57 80 34 98 51 41 49 58 77 97 53 28 24 83 57 53 86 23 88 45 
91 48 81 79 99 81 12 75 80 80 61 53 32 15 27 43 19 88 78 65 
47 34 62 45 70 13 76 78 33 62 41 14 59 62 94 50 43 83 48 33 
70 50 17 64 64 75 98 60 84 15 79 77 23 51 87 64 53 40 40 26 
66 19 51 70 93 45 79 44 71 87 35 19 34 93 43 51 46 59 86 42 
80 45 43 89 55 33 71 21 19 92 23 97 21 22 75 10 20 20 44 65 
24 51 30 38 77 41 62 22 11 50 62 18 33 20 64 57 48 41 68 72 
15 21 54 28 14 70 39 17 16 16 16 58 23 66 64 90 40 28 71 11 
46 11 69 62 39 28 46 24 58 56 50 14 31 56 49 78 40 40 31 16 
95 43 51 46 31 79 21 50 79 62 95 69 90 91 27 95 74 56 50 42 
57 30 32 68 52 36 32 83 83 91 31 51 92 32 75 88 39 11 56 59 
42 74 38 33 32 61 61 80 36 43 52 22 59 62 13 28 17 16 78 57 
52 31 67 81 21 35 34 27 43 69 97 43 59 23 28 29 33 58 75 85 
58 90 45 57 78 62 43 54 93 59 57 71 27 86 46 34 99 44 65 45 
43 77 21 14 77 33 64 18 65 25 39 19 17 42 60 88 54 76 51 53 
30 14 96 49 15 17 12 59 79 92 56 59 47 43 12 59 23 69 24 45 
58 26 13 29 53 50 89 74 73 52 84 75 61 97 96 60 23 38 45 16 
77 73 12 91 91 63 51 13 27 18 86 86 14 30 76 84 41 20 69 13 
77 88 90 25 59 19 55 27 82 45 53 11 19 19 29 77 98 57 14 28 
92 48 60 14 86 28 20 38 44 88 66 27 38 17 87 31 41 16 35 41 
96 91 99 15 94 14 60 38 75 11 68 90 44 35 27 61 38 70 67 85 
82 42 66 51 14 28 71 36 72 37 98 81 25 37 29 71 98 75 79 17 
79 78 90 59 14 46 28 43 93 10 43 10 87 98 21 85 17 54 10 60 
44 56 69 57 13 95 62 96 47 16 39 51 30 56 79 88 95 40 89 41 
36 99 88 11 30 57 84 57 14 83 73 44 81 61 79 37 67 31 24 69 
80 18 83 73 85 59 31 42 59 31 17 49 21 85 31 30 28 18 73 27 
98 25 36 29 41 52 89 88 36 70 22 11 64 46 94 61 56 27 46 85 
91 59 28 65 33 99 11 50 58 75 81 84 19 30 21 30 11 95 52 49 
84 28 32 49 33 17 61 76 60 81 19 22 40 69 76 41 42 90 51 72 
49 70 64 56 58 36 78 22 43 42 33 15 27 89 22 68 22 31 83 89 
20 16 63 37 14 61 54 30 14 41 47 51 71 38 85 91 70 35 20 41 
90 80 39 70 31 80 70 69 85 34 87 17 34 75 36 85 56 92 76 16 
47 89 24 12 82 84 89 28 26 79 20 94 55 61 97 78 20 79 30 75 
40 45 36 58 33 78 73 41 27 92 37 65 47 18 40 39 41 83 76 68 
54 99 47 30 13 20 23 81 20 79 21 66 21 82 91 41 99 25 98 99 
99 17 49 38 73 86 60 28 47 55 96 69 95 84 25 63 87 57 25 47 
12 63 33 88 72 81 69 75 17 65 95 62 91 56 59 68 72 41 80 65 
68 93 83 55 71 67 81 13 32 16 36 32 79 61 40 35 62 65 22 81 
96 54 74 35 46 83 97 55 20 49 68 14 36 67 96 66 22 91 67 25 
96 76 73 90 84 28 95 41 69 81 92 43 94 46 84 61 13 36 66 89 
59 82 92 16 93 75 96 66 31 30 38 83 53 40 80 42 90 26 49 66 
55 54 33 25 84 67 72 74 79 14 90 41 48 82 41 78 82 36 33 23 
84 16 71 19 34 41 49 47 32 41 58 43 95 56 75 70 16 30 17 28 
46 64 21 22 87 24 99 68 24 52 67 39 59 67 22 76 27 54 21 75 
80 97 86 45 55 52 68 17 83 76 93 98 50 77 68 90 61 89 73 45 
57 74 17 47 28 24 36 16 28 13 34 91 45 12 23 23 23 90 96 52 
13 38 39 67 96 11 81 62 39 97 85 31 47 20 45 18 82 35 85 40 
37 61 71 39 94 34 82 15 66 49 89 17 54 32 92 45 30 91 67 37 
69 38 61 15 67 86 39 76 85 71 20 24 36 53 97 36 92 84 48 15 
81 31 82 35 16 98 22 72 82 47 40 99 19 57 37 20 53 18 53 71 
77 43 84 85 11 39 16 48 61 35 73 71 88 26 47 85 30 13 49 31 
63 91 57 27 74 98 66 61 21 78 73 84 19 98 42 79 22 89 26 46 
99 11 69 58 10 60 71 36 54 21 26 67 40 48 49 17 94 77 58 67 
39 32 76 14 74 43 99 15 48 53 29 17 92 39 65 93 29 47 76 91 
12 49 47 72 27 41 98 63 86 34 91 58 58 87 16 38 26 80 88 42 
84 59 76 93 20 71 63 86 68 53 99 63 84 73 66 14 59 98 51 67 
64 40 52 98 79 99 42 38 84 82 40 33 60 16 49 98 94 34 19 37 
51 19 29 58 38 93 22 15 62 59 10 94 43 41 31 16 96 21 39 62 
14 51 78 45 73 11 22 43 89 36 39 75 97 62 91 19 31 36 10 19 
12 95 73 14 33 73 91 45 75 53 88 14 45 42 90 24 45 93 59 74 
86 34 18 65 83 12 31 62 67 95 55 29 30 63 45 77 67 84 13 71 
74 55 41 33 59 94 88 79 58 55 53 46 39 39 27 84 59 90 47 90 
31 22 60 78 93 42 46 97 86 38 29 72 28 60 24 76 33 73 32 85 
77 39 27 11 57 33 82 19 46 40 89 27 83 92 29 42 57 57 26 93 
12 68 28 42 71 12 79 10 84 23 92 80 40 63 25 70 86 95 69 35 
15 61 28 21 42 72 24 82 93 98 51 86 37 70 77 92 96 34 86 49 
77 19 91 19 84 57 48 39 82 98 52 87 86 93 30 43 26 36 65 95 
93 15 47 76 56 71 40 78 49 90 40 23 41 78 87 92 76 42 99 28 